--- scanner 0 ---
417,597,-659
-781,-790,-526
1,-140,-9
311,816,519
274,815,564
-89,11,-167
-842,-411,466
-760,591,-661
-831,-483,469
-831,-515,455
-826,643,-605
-794,-873,-582
378,-780,-402
-864,635,-645
369,-725,-496
587,-558,577
-973,480,540
-723,-955,-453
406,-622,-430
510,768,-630
-845,401,529
492,744,-683
618,-598,694
-898,460,422
630,-610,724
313,739,706

--- scanner 1 ---
360,-299,497
-508,-693,402
-498,789,-433
363,-337,520
552,923,540
760,712,-783
-526,-582,503
555,847,732
-504,-552,465
-44,110,-66
-484,965,-483
535,-532,-585
-557,598,300
804,671,-875
-727,-524,-876
-459,538,435
-588,-537,-984
496,-257,464
529,794,525
755,707,-914
-547,549,368
-628,-595,-809
-368,847,-513
683,-558,-467
651,-545,-533

--- scanner 2 ---
-907,-631,538
482,428,-727
-880,-633,504
735,570,659
550,-692,-660
-653,656,563
10,-81,45
634,-661,822
660,694,698
594,-647,753
620,527,650
-522,630,647
415,439,-639
-937,-647,-598
-762,-705,-558
562,-671,706
-829,-634,-459
-466,737,-818
347,488,-629
449,-803,-678
-138,69,37
-386,679,-688
-436,855,-702
-845,-568,655
-499,588,611
512,-662,-682

--- scanner 3 ---
726,450,702
166,24,-152
-805,-721,-823
-566,541,485
746,-764,-858
829,-653,-923
859,554,-478
-683,591,521
-797,-743,-752
973,-907,634
17,-64,-58
-278,772,-974
-377,-534,362
893,-709,-835
-709,-670,-777
-410,724,-933
651,280,750
-381,771,-823
769,484,-430
676,558,-420
909,-712,606
930,-894,647
666,355,677
-339,-537,503
-272,-423,393
-606,549,396

--- scanner 4 ---
-577,625,351
-79,-87,-12
-382,653,287
673,-570,651
774,-493,620
451,360,660
579,759,-613
424,-566,-782
-535,-845,-759
-580,-816,367
-636,-904,431
-611,806,-547
-627,695,-442
678,-402,614
543,344,666
426,-529,-611
438,-545,-831
-623,-779,-686
392,339,534
-395,666,330
-525,-839,514
600,756,-388
672,782,-515
-638,-814,-807
-727,670,-545

--- scanner 5 ---
459,399,606
379,533,690
745,-584,-446
772,-522,634
-392,-600,-626
-676,790,479
-397,-421,763
-31,66,-33
-545,652,-604
-539,-525,-602
-656,865,597
509,689,-635
600,645,-566
666,748,-599
796,-438,630
-368,-618,-573
-321,-382,621
-320,-419,576
845,-644,-523
368,475,733
786,-593,-452
76,-74,25
-493,718,-548
-735,737,586
843,-594,685
-116,-107,-99
-501,756,-588

--- scanner 6 ---
-370,827,-693
725,-460,-869
433,-644,603
569,-566,519
-533,-499,398
-491,-472,309
611,789,-471
783,797,397
-381,855,-705
735,662,382
690,807,439
-666,-597,-826
-399,-453,375
-349,800,-548
-858,-599,-890
599,925,-439
-445,512,316
380,-529,482
684,-417,-838
681,-402,-863
-10,29,20
730,884,-518
-742,-531,-896
-416,525,257
-396,609,295

--- scanner 7 ---
-415,-962,703
77,-97,178
548,-679,932
454,585,-397
-397,-920,580
735,468,512
-519,-670,-454
-760,489,755
676,594,533
-88,-171,102
-655,712,-471
-555,-735,-399
449,548,-229
-615,632,-371
-824,435,717
701,-677,-356
689,-897,-372
-725,560,673
-680,-648,-345
703,-848,-393
-375,-851,645
353,554,-320
455,-581,955
527,-454,929
-645,642,-438
584,600,517

--- scanner 8 ---
-54,-117,-72
-854,705,692
652,577,-579
-757,-630,462
496,-451,680
-864,-693,499
56,-81,110
268,-484,696
335,-405,615
383,-649,-346
-705,729,700
-814,533,-677
-881,643,-791
470,-780,-408
-530,-380,-563
-823,-708,439
657,398,697
-776,674,-680
-376,-432,-632
619,664,-645
687,604,684
506,-633,-353
476,642,-561
689,444,705
-412,-481,-505
-729,735,762

--- scanner 9 ---
680,529,620
-718,-621,-425
-564,609,543
411,533,-650
31,103,28
447,-502,547
-680,-667,464
-819,-601,-276
-518,692,697
-537,592,735
-642,679,-491
356,604,-585
479,-689,-216
544,607,704
-667,754,-457
-799,698,-515
-84,-36,106
419,-504,653
468,-791,-343
-731,-484,-303
-669,-573,574
424,-725,-247
-749,-577,526
477,-389,648
733,644,741
408,563,-430

--- scanner 10 ---
-485,824,-858
703,502,-601
-472,781,-845
-634,-715,590
462,-867,750
-417,577,499
-442,517,404
-513,760,-663
-369,502,329
-723,-755,598
599,-856,765
305,404,532
377,480,527
-598,-832,640
49,-126,70
398,-890,-660
-83,-28,-74
297,-772,-602
-616,-488,-488
372,517,470
-726,-421,-374
-757,-526,-485
608,585,-700
605,-868,611
349,-926,-533
815,532,-667

--- scanner 11 ---
-694,427,-875
562,-761,510
537,656,390
720,-789,482
-399,545,639
-520,580,654
812,851,-392
-651,-530,-656
813,-609,-690
-695,-546,-760
-619,394,-717
814,749,-523
730,-665,-677
-657,-532,521
116,82,-5
-447,514,742
-828,-561,614
895,-738,-619
587,711,341
866,801,-514
-73,38,87
-686,537,-712
665,-695,473
-703,-586,-722
-804,-508,596
552,738,329

--- scanner 12 ---
832,759,531
-729,806,-799
642,-813,-438
-482,582,440
485,577,-256
-550,-716,536
-628,-497,-361
629,-747,-470
-451,-793,599
729,820,488
-480,541,550
-587,-405,-317
574,493,-271
535,-869,723
-381,595,617
-623,-366,-366
616,-695,-586
59,-35,-40
-524,-761,551
505,662,-299
-102,90,32
562,-857,688
-810,700,-791
-764,727,-839
617,-808,738
673,891,534

--- scanner 13 ---
-852,-535,-709
465,732,427
-868,-532,732
-932,-337,760
-142,-2,108
-568,718,-463
-33,60,-24
-599,819,-386
-605,723,-295
313,-821,519
-889,-350,773
520,344,-381
750,-574,-651
526,399,-422
340,662,457
489,670,433
-788,-591,-797
418,-710,488
-559,496,467
603,384,-447
-685,437,446
846,-523,-697
-553,588,451
380,-707,629
838,-501,-626
-705,-480,-732

--- scanner 14 ---
-716,656,381
-62,55,-107
571,894,290
-604,791,-506
760,-301,297
625,671,-651
669,602,-742
-776,-417,-727
-881,781,374
453,783,356
-664,714,-406
712,-342,429
-682,-498,728
546,-855,-657
759,-452,400
-665,-352,-810
14,-63,26
-755,-523,816
492,844,281
728,638,-585
542,-797,-840
-721,-440,-874
-733,-452,824
472,-845,-750
-613,785,-465
-735,824,404

--- scanner 15 ---
772,-816,337
864,441,745
-285,393,403
-507,-507,398
737,-752,429
867,424,805
-372,-522,350
-270,823,-443
908,466,819
-598,-547,-666
-558,-636,-674
668,-751,287
-402,782,-491
-675,-672,-624
674,-828,-860
734,-853,-765
867,327,-661
-244,314,534
-362,-564,443
-380,346,522
-373,672,-444
684,269,-657
118,-82,2
659,-901,-935
777,279,-731

--- scanner 16 ---
665,708,-330
-733,694,571
664,-786,320
-808,582,463
630,787,-370
-646,651,424
488,-424,-852
-728,-766,-699
606,-866,450
529,-516,-808
524,-385,-803
-715,-714,-583
327,398,388
711,681,-378
-183,-72,54
-584,558,-913
-604,643,-870
782,-816,436
-741,-832,-731
446,529,388
-707,-423,679
-720,-315,540
-778,-490,580
474,346,310
-25,68,-28
-673,474,-898

--- scanner 17 ---
462,-358,694
852,846,-508
-749,-272,-739
119,111,14
506,-450,653
784,661,-492
831,-340,-724
-696,-348,-640
984,774,517
-454,-746,830
944,853,552
-295,629,799
-257,397,-736
-708,-487,-709
-405,588,801
803,-303,-697
8,22,117
-472,642,900
-391,-669,731
511,-319,658
-406,-714,757
939,-393,-705
-455,474,-726
936,747,471
-316,509,-721
722,783,-535

--- scanner 18 ---
746,-835,-745
500,476,-649
-537,-859,-713
-813,650,483
-874,568,498
590,-348,604
512,492,-429
-653,-723,-715
-798,-418,622
-721,-517,685
577,-449,781
886,706,687
498,513,-478
536,-447,671
674,-809,-872
71,46,-110
754,865,690
-461,792,-501
-40,119,53
653,-812,-647
-549,726,-574
-766,-491,670
-862,595,533
-553,-748,-818
815,762,733
-74,-66,-38
-564,761,-453

--- scanner 19 ---
-582,281,-494
-843,-640,442
-757,506,680
-626,-395,-625
-515,369,-529
-548,-398,-675
-829,493,530
818,495,-500
-620,372,-650
-552,-517,-656
109,4,-110
847,762,352
829,-608,-764
-602,-680,432
-782,525,623
880,784,550
814,778,584
832,585,-685
-713,-658,372
352,-672,455
869,449,-593
391,-716,632
845,-529,-874
20,-172,26
445,-695,591
842,-470,-752

--- scanner 20 ---
-557,-265,-548
-731,788,725
-688,-578,559
-874,793,658
-723,-563,438
-60,-7,111
754,953,782
-530,-253,-513
419,831,-624
555,-406,-700
-754,-666,486
54,128,35
578,846,-672
-612,-314,-498
-519,599,-775
-841,951,733
897,-590,698
761,-474,700
529,-361,-685
814,910,898
786,-574,803
709,817,838
-467,590,-827
-417,468,-773
593,832,-733
456,-329,-637

--- scanner 21 ---
349,652,447
-529,349,581
467,-913,584
365,744,495
-528,338,595
-439,-716,-675
378,-849,647
-916,835,-971
796,-844,-856
674,781,-874
-482,-748,749
-500,-654,775
-422,-583,-735
-527,-680,564
441,-906,641
333,680,656
-133,46,-68
-419,-571,-613
33,-85,-36
720,786,-873
-821,808,-908
834,-717,-970
-493,393,568
819,-796,-856
-864,798,-814
651,871,-730

--- scanner 22 ---
-751,763,-725
-630,-391,-700
451,501,-562
745,-844,401
-680,822,-674
-339,676,443
-322,683,330
761,-624,389
511,-699,-660
-391,-851,432
724,-795,387
-309,-637,433
386,418,-673
888,601,641
476,-820,-675
-601,-562,-793
474,354,-617
-50,36,-34
-757,722,-734
-371,661,286
-358,-658,392
-63,-134,-164
797,607,737
445,-772,-572
-577,-415,-718
720,638,636

--- scanner 23 ---
405,660,729
105,150,11
697,920,-522
-808,840,-493
444,704,552
-776,-505,654
-685,725,-506
-704,-518,504
383,-758,-834
-790,628,742
498,683,593
933,-796,634
-790,-305,-515
415,-625,-778
-660,646,812
-549,668,752
-801,-394,-474
867,-790,600
-729,-537,561
701,700,-502
-765,815,-497
466,-777,-839
730,759,-607
-17,-25,40
-819,-485,-561
900,-774,832

--- scanner 24 ---
-885,-456,811
492,775,662
-788,-411,925
488,894,681
783,652,-436
-905,763,880
349,-596,421
-708,-433,751
-79,52,127
-1,-85,-13
-505,597,-585
503,-466,-712
-855,-746,-414
542,612,-426
430,-460,-618
-889,684,770
-909,-684,-257
374,-605,-707
-412,620,-449
-969,-707,-470
-451,576,-626
446,-598,394
653,634,-366
289,-511,382
-902,822,758
566,897,631

--- scanner 25 ---
697,-510,490
755,-515,605
-440,481,441
-430,-776,-600
706,481,892
766,568,-462
727,-409,603
-339,-379,543
695,354,790
47,-53,139
-508,526,626
-338,-710,-619
818,723,-503
84,121,36
-275,-468,606
763,788,-432
750,385,826
-472,-687,-573
494,-482,-428
-282,-442,549
-578,732,-719
-534,499,415
-616,670,-761
441,-603,-543
630,-566,-506
-638,732,-698

--- scanner 26 ---
-714,-918,-562
369,-722,-477
487,609,527
-598,706,-362
-484,-631,683
-648,-919,-708
-395,-687,653
-412,443,517
439,-712,-444
-592,761,-321
-716,-830,-642
592,-827,749
481,517,511
74,2,8
-33,-144,105
-537,373,487
496,387,-403
-597,-685,736
-561,435,493
646,-891,711
613,668,506
533,382,-235
-675,721,-387
527,286,-326
449,-682,-377
521,-792,667

--- scanner 27 ---
391,-557,-718
563,311,-710
-457,-686,560
-503,-840,643
-402,788,-820
-633,-671,-532
-476,-648,660
-450,747,-688
741,-763,723
794,-642,608
-625,-582,-492
490,678,496
439,-542,-583
-583,-707,-415
-498,398,402
444,358,-805
449,709,539
605,-679,645
-403,637,-717
484,-599,-728
575,279,-846
13,-166,107
-390,373,471
493,703,481
-512,399,370
68,-45,-73

--- scanner 28 ---
582,501,-693
-293,833,-689
-454,-545,388
796,693,822
-330,648,793
549,-924,909
-557,-416,-719
-250,846,-676
-6,-10,-31
-314,651,-648
723,605,756
479,601,-718
-477,703,816
-547,-619,378
844,590,791
584,617,-829
624,-766,942
-364,-615,436
444,-790,-641
500,-926,-686
160,-65,70
-394,592,881
557,-761,799
-572,-341,-792
384,-883,-746
-497,-511,-744

--- scanner 29 ---
382,-681,475
-351,-434,-559
-402,720,-764
-478,-332,-570
800,822,480
471,-618,411
-477,800,-630
513,-734,-561
-496,-809,670
-382,-398,-614
445,-675,418
823,822,528
-478,-783,576
-418,701,741
518,-619,-619
838,936,607
40,-33,4
-9,72,165
473,806,-344
-435,641,608
386,752,-237
-523,-598,644
509,763,-398
412,-621,-591
-454,816,-689
-415,579,753

--- scanner 30 ---
-4,-8,-83
-622,-534,377
-443,897,-643
-508,379,661
-450,480,779
673,-712,-556
576,694,-553
88,126,45
747,-706,337
554,692,327
495,659,-574
581,-696,-562
-577,431,815
522,-717,-688
-410,690,-696
-625,-675,415
-252,-403,-935
755,-730,486
517,629,434
-736,-644,310
-265,-390,-892
494,707,368
-447,-431,-871
499,509,-547
817,-736,462
-509,785,-613

--- scanner 31 ---
367,-348,-854
254,-264,598
357,532,-577
492,-355,-689
477,677,652
-695,818,406
-779,898,540
546,768,696
-665,-383,493
-822,909,482
-140,33,-111
304,-255,519
-719,481,-431
363,491,-586
-723,505,-515
-774,434,-587
324,-378,-708
-895,-681,-373
-726,-433,361
510,611,755
-851,-734,-482
-91,143,54
365,-330,480
434,432,-637
-660,-538,430
-844,-571,-368

--- scanner 32 ---
-662,500,-315
-837,-866,578
-81,29,87
-652,-880,668
398,-956,638
-585,-890,-387
601,-549,-847
-573,-877,-525
281,732,878
-687,572,455
345,496,-692
-712,578,-312
403,-813,705
-681,504,-434
359,511,-753
-843,534,364
-463,-893,-446
-808,467,452
723,-499,-793
592,-601,-795
360,337,-644
-744,-917,532
21,-144,-39
238,672,762
374,627,818
240,-923,713

--- scanner 33 ---
-77,29,-55
-442,-597,702
427,-632,-886
-538,-460,-459
-348,463,460
627,-772,760
-551,-423,701
822,374,525
-503,-582,716
-677,608,-444
-627,553,-395
-475,-559,-536
630,-848,568
819,412,548
647,607,-557
-402,413,338
686,332,492
653,-719,553
-662,526,-383
422,-637,-755
29,-89,-133
-400,515,469
531,620,-505
378,-596,-847
499,633,-439
-490,-533,-491

--- scanner 34 ---
458,-419,-582
-293,-415,514
-260,913,598
154,126,94
-488,-625,-457
509,544,-583
55,-19,-30
576,643,-654
-312,835,451
431,-453,-580
902,787,906
-424,-703,-396
816,-562,681
-443,835,570
-308,-268,484
401,683,-596
-565,799,-522
-575,-728,-478
-496,760,-684
839,-526,639
952,773,730
-400,-335,494
685,-478,707
872,903,788
493,-570,-517
-608,652,-609

--- scanner 35 ---
587,-669,-516
512,-575,482
-393,-672,-483
547,657,-893
662,536,-840
493,-599,639
599,651,377
-57,-48,-110
628,-514,-568
584,620,-704
-476,592,484
-789,700,-583
-644,757,-538
658,-734,-571
-779,742,-490
-440,-611,513
582,459,404
499,613,358
-472,-714,-522
-593,628,534
-553,717,526
-452,-605,359
-441,-468,374
437,-541,507
-440,-828,-567